Future Internet 2025, 17, 230
17 of 21
Table 12. Results of ML and DL methods for 15-class classification.
Method
Metrics
Normal
Back
HTTP
ICMP
TCP
UDP
Fing
MITM
Pwd
Port
Rans
SQL
Upload
Scan
XSS
DT
Pr
1.00
0.947
0.898
0.998
1.00
1.00
0.727
1.00
0.804
0.940
0.935
0.824
0.822
0.967
0.902
Rc
0.999
0.950
0.903
1.00
1.00
1.00
0.701
1.00
0.819
0.944
0.931
0.819
0.811
0.970
0.894
F1
0.999
0.949
0.900
0.999
1.00
1.00
0.714
1.00
0.811
0.942
0.933
0.821
0.816
0.968
0.898
RF
Pr
1.00
0.961
0.910
1.00
1.00
1.00
0.805
1.00
0.794
0.939
0.955
0.825
0.849
0.981
0.883
Rc
1.00
0.947
0.892
1.00
1.00
1.00
0.701
1.00
0.831
0.996
0.927
0.817
0.819
0.963
0.919
F1
1.00
0.954
0.901
1.00
1.00
1.00
0.750
1.00
0.813
0.967
0.941
0.821
0.834
0.972
0.901
SVM
Pr
0.237
0.359
0.00
0.00
0.578
0.335
0.00
0.00
0.00
0.00
0.293
0.00
0.00
0.00
0.00
Rc
0.649
0.471
0.00
0.00
0.553
1.00
0.00
0.00
0.00
0.00
0.618
0.00
0.00
0.00
0.00
F1
0.348
0.407
0.00
0.00
0.565
0.502
0.00
0.00
0.00
0.00
0.398
0.00
0.00
0.00
0.00
KNN
Pr
0.388
0.994
0.271
0.999
0.433
0.999
0.801
0.986
0.151
0.308
0.975
0.276
0.329
0.640
0.463
Rc
0.508
0.928
0.283
0.991
0.417
0.999
0.684
1.00
0.079
0.176
0.877
0.250
0.256
0.868
0.588
F1
0.440
0.959
0.277
0.995
0.425
0.999
0.738
0.993
0.104
0.224
0.923
0.262
0.288
0.737
0.518
Proposed
CNN
Pr
1.00
0.951
0.762
0.999
0.820
0.999
1.00
1.00
0.545
1.00
0.723
0.471
0.673
0.965
0.507
Rc
1.00
0.860
0.920
1.00
1.00
1.00
0.637
1.00
0.380
0.500
0.849
0.710
0.480
0.850
0.370
F1
1.00
0.903
0.833
0.999
0.901
0.999
0.778
1.00
0.448
0.668
0.781
0.567
0.561
0.903
0.428
