Sensors 2019, 19, 4383
11 of 20
Table 2. Data samples from the WSN-DS dataset [46].
Id
Time
Is
CH
Who
CH
Dist To
CH
ADV
S
ADV
R
JOIN
S
JOIN
R
SCH
S
SCH
R
Rank
DATA
S
DATA
R
Data Sent
To BS
Dist CH
To BS
Send
Code
Consumed
Energy
Attack
Type
101000
50
1
101000
0
1
0
0
25
1
0
0
0
1200
48
130.0854
0
2.4694
Normal
101001
50
0
101044
75.32345
0
4
1
0
0
1
2
38
0
0
0
4
0.06957
Normal
101002
50
0
101010
46.95453
0
4
1
0
0
1
19
41
0
0
0
3
0.06898
Normal
101004
50
0
101010
4.83341
0
4
1
0
0
1
25
41
0
0
0
3
0.06534
Normal
2901024
3553
1
2901024
0
1
9
0
0
0
0
0
0
0
1
113.2765
0
0.01237
Grayhole
2901029
3553
1
2901029
0
1
9
0
0
0
0
0
0
0
1
150.3168
0
0.01237
Grayhole
2901073
3553
1
2901100
0
1
9
0
0
0
0
0
0
0
2
96.57363
0
0.01813
Grayhole
501014
1703
1
501100
0
1
26
0
0
0
0
0
0
0
0
0
0
0.00446
Blackhole
501021
1703
1
501100
0
1
26
0
0
0
0
0
0
0
0
0
0
0.00445
Blackhole
501029
1703
1
501100
0
1
26
0
0
0
0
0
0
0
0
0
0
0.00446
Blackhole
501030
1703
1
501100
0
1
26
0
0
0
0
0
0
0
0
0
0
0.00445
Blackhole
404017
2203
1
404100
0
1
9
0
3
3
0
0
0
0
0
0
0
0.18101
TDMA
404018
2203
0
404028
8.59592
0
10
1
0
0
1
1
160
0
0
0
3
0.26334
Normal
404020
2203
0
404100
12.89353
0
10
1
0
0
1
1
181
0
0
0
4
0.29774
Normal
404023
2203
0
404100
19.59164
0
10
1
0
0
1
1
181
0
0
0
1
0.47633
Normal
404025
2203
1
404100
0
1
9
0
1
1
0
0
0
241
241
138.3672
0
2.02545
TDMA
404028
2203
1
404100
0
1
9
0
4
4
0
0
0
0
0
0
0
0.00623
TDMA
404029
2203
0
404100
18.31869
0
10
1
0
0
1
1
206
0
0
0
5
0.33993
Normal
404035
2203
0
404100
15.82954
0
10
1
0
0
1
1
181
0
0
0
1
0.47308
Normal
404050
2203
1
404100
0
1
9
0
2
2
0
0
0
0
0
0
0
0.00624
TDMA
404053
2203
0
404100
19.42763
0
10
1
0
0
1
1
160
0
0
0
3
0.2652
Normal
404060
2203
1
404100
0
1
9
0
2
2
0
0
0
0
0
0
0
1.09609
TDMA
404073
2203
0
404100
14.13972
0
10
1
0
0
1
1
206
0
0
0
5
0.33878
Normal
404078
2203
0
404100
10.54019
0
10
1
0
0
1
1
206
0
0
0
2
1.42778
Normal
404080
2203
1
404100
0
1
9
0
1
1
0
0
0
241
241
176.6235
0
2.5962
TDMA
302096
1153
1
302096
0
6
22
0
0
0
0
0
0
0
13
121.695
0
0.35722
Flooding
401001
1203
1
401001
0
6
20
0
0
0
0
0
0
0
13
136.2575
0
0.2398
Flooding
