Sensors 2019, 19, 4383
12 of 20
Table 2. Cont.
Id
Time
Is
CH
Who
CH
Dist To
CH
ADV
S
ADV
R
JOIN
S
JOIN
R
SCH
S
SCH
R
Rank
DATA
S
DATA
R
Data Sent
To BS
Dist CH
To BS
Send
Code
Consumed
Energy
Attack
Type
401034
1203
1
401034
0
6
24
0
0
0
0
0
0
0
13
165.4621
0
0.26426
Flooding
401054
1203
1
401054
0
6
20
0
0
0
0
0
0
0
13
142.1079
0
0.24251
Flooding
401069
1203
1
401069
0
6
26
0
0
0
0
0
0
0
13
93.93772
0
0.21994
Flooding
101000
50
1
101000
0
1
0
0
25
1
0
0
0
1200
48
130.0854
0
2.4694
Normal
101001
50
0
101044
75.32345
0
4
1
0
0
1
2
38
0
0
0
4
0.06957
Normal
101004
50
0
101010
4.83341
0
4
1
0
0
1
25
41
0
0
0
3
0.06534
Normal
2901024
3553
1
2901024
0
1
9
0
0
0
0
0
0
0
1
113.2765
0
0.01237
Grayhole
2901029
3553
1
2901029
0
1
9
0
0
0
0
0
0
0
1
150.3168
0
0.01237
Grayhole
2901073
3553
1
2901100
0
1
9
0
0
0
0
0
0
0
2
96.57363
0
0.01813
Grayhole
501014
1703
1
501100
0
1
26
0
0
0
0
0
0
0
0
0
0
0.00446
Blackhole
501029
1703
1
501100
0
1
26
0
0
0
0
0
0
0
0
0
0
0.00446
Blackhole
501030
1703
1
501100
0
1
26
0
0
0
0
0
0
0
0
0
0
0.00445
Blackhole
404017
2203
1
404100
0
1
9
0
3
3
0
0
0
0
0
0
0
0.18101
TDMA
