Sensors 2024, 24, 3339
20 of 26
Table 5. Features selected after FS technology.
Datasets
Feature Selection Methods
Feature Orders
WSN-DS
WOA
[0, 5, 6, 7, 8, 9, 13, 14, 15, 17]
GA
[3, 5, 6, 8, 9, 11, 12, 14, 15, 17]
SCA
[2, 3, 5, 8, 9, 11, 14, 17]
BA
[0, 4, 5, 6, 8, 9, 13, 14, 15, 17]
Our GSWO
[0, 5, 6, 8, 9, 13, 14, 15, 17]
WSNBFSF
WOA
[0, 1, 3, 4, 7, 9, 10, 12]
GA
[0, 1, 2, 3, 4, 5, 6, 7, 9, 10, 12]
SCA
[3, 4, 7, 8, 10]
BA
[0 2 4 6 8 14]
Our GSWO
[0, 3, 4, 10, 12]
NSL-KDD
WOA
[0, 2, 4, 5, 7, 13, 14, 15, 17, 18, 21, 22, 23, 25, 26, 27, 29, 32, 34, 36, 37, 38, 41]
GA
[0, 2, 4, 5, 9, 12, 22, 23, 26, 27, 29, 31, 32, 33, 35, 36, 37, 39, 40, 41]
SCA
[2, 3, 4, 5, 19, 20, 22, 28, 29, 31, 35, 36, 38, 41]
BA
[0, 2, 4, 5, 9, 12, 16, 22, 23, 25, 27, 29, 31, 33, 35, 36, 39, 40, 41]
Our GSWO
[0, 1, 2, 4, 15, 21, 22, 23, 26, 27, 31, 32, 33, 34, 35, 36, 38, 40, 41]
CICIDS2017
WOA
[0, 1, 3, 5, 6, 14, 16, 17, 18, 19, 20, 26, 28, 33, 34, 37, 40, 43, 45, 54, 55, 56, 58, 59, 61, 62, 66]
GA
[0, 8, 12, 13, 15, 17, 19, 20, 24, 26, 30, 32, 34, 38, 39, 44, 48, 55, 56, 58, 59, 60, 62]
SCA
[0, 15, 16, 24, 38, 41, 42, 48, 54, 55, 56, 62]
BA
[0, 3, 4, 7, 10, 11, 12, 13, 19, 22, 23, 24, 27, 32, 33, 41, 42, 46, 51, 52, 55, 56, 58, 62, 65]
Our GSWO
[0, 1, 8, 10, 13, 24, 25, 31, 34, 41, 42, 44, 57, 65]
Table 6. Comparison of performance metrics of FS algorithms.
Datasets
Method
Acc
Prec
Rec
F1
WSN-DS
All features
98.01
92.81
85.80
89.01
WOA
98.23
93.53
88.87
90.90
GA
98.24
93.58
88.86
90.92
SCA
98.23
93.49
88.86
90.88
BA
98.23
93.50
88.87
90.88
Our GSWO
98.25
93.62
88.85
90.93
WSNBFSF
All features
93.81
46.97
50.00
48.44
WOA
96.76
94.78
76.74
82.91
GA
96.76
94.66
77.74
82.89
SCA
99.13
96.43
95.95
96.18
BA
99.58
98.53
98.39
98.45
Our GSWO
99.68
98.64
98.92
98.77
NSL-KDD
All features
98.40
96.29
77.10
77.78
WOA
98.49
91.44
80.89
82.92
GA
98.87
95.47
85.94
88.44
SCA
98.42
93.62
78.87
79.97
BA
98.86
95.34
81.63
83.31
Our GSWO
98.89
94.33
86.92
89.19
CICIDS2017
All features
95.23
40.45
41.60
41.00
WOA
99.00
69.50
67.74
68.52
GA
99.13
69.17
68.58
68.84
SCA
99.35
82.54
77.83
79.81
BA
99.01
68.85
68.52
68.66
Our GSWO
99.37
98.35
81.90
86.22
